TABLE 2.8
Analysis of Amines by Gas Chromatographic Method
SI.
No.

Sample
No.

MMA
%w/w

DMA
%w/w

TMA
%w/w

Total
%w/w

1.
2.
3.
4.
5.
6.
7.
8.
9.
10.
11.
12.
13.
14.
15.
16.
17.
18.
19.
20.
21.
22.

M-1
M-2
M-3
M-4
H-1
H-2
H-3
H-4
X-I
X-2
X-3
X-4

B-1
B-2
B-3
B-4
1-1
1-2
1-3

1.3
2.0
1.4
1.4
1.2
1.8
0.8
2.1
1.4
1.1
1.6
1.3
2.1
2.0
1.9
1.4
1.4
1.2
1.3
0.9
1.5
1.7

23.

39

0.9
1.0
1.0
1.1
1.0
0.9
0.9
1.0
1.0
1.0
1.0
1.0
1.1
1.1
1.0
1.0
1.0
1.0
0.7
1.0
1.0
1.1
1.0

1.4
2.1
1.8
2.3
2.0
2.0
2.9
2.4
2.2
2.0
2.1
1.8
3.1
3.0
3.1
2.5
2.0
2.2
1.5
1.4
2.1
1.9
1.0

3.6
5.1
4.2
4.8
4.2
4.7
4.6
5.5
4.6
4.1
4.7
4.1
6.3
6.1
6.0
41
4.4
4.4
3.5
3.3
4.6
4.7
2.0

64

A-2
A-3
A-4

