TABLE 2.8
Analysis of A mines by Gas Chromatographic Method

---------------------------------------------------------Sample Code

1.

M1

2.

M2

3.
4.
5.
6.
7.
8.

9.
10.
11.

Ma
M4
HI
H2
H3
H4

Xl

12.

X2
X3
X4

13.

X2

14.

20.

A3
A4
B1
B2
Ba
B4
11

21.

12

22.

13
39

15.
16.

17.
18.

19.

23.

20

MMA

DMA

% w/w

No.

%w/w

0.9
1.0
1.0
1.1
1.0
0.9
0.9
1.0
1.0
1.0
1.0
1.0
1.1

1.a
2.0
1.4
1.4
1.2
1.8
0.8
2.1
1.4
1.1
1.6
1.a
2.1
2.0
1.9
1.4
1.4
1.2
1.3
0.9
1.5
1.7

1.1

1.0
1.0
1.0
1.0
0.7
1.0
1.0
1.1
1.0

TMA
%w/w

Total
%w/w

1.4
2.1

3.6
5.1

1.8

4.2

2.3
2.0
2.0
2.9
2.4
2.2
2.0
2.1

4.8

1.8

3.1
3.0
3.1
2.5
2.0
2.2
1.5
1.4

2.1
1.9
1.0

4.2
4.7
4.6
5.5
4.6
4.1
4.7
4.1
6.3
6.1
6.0
4.9
4.4
4.4
3.5
3.3
4.6
4.7
2.0

