TABLE-1

Age-wise complaint. and systems invo'ved
Age-Group (vears)
~15

System
involved

36 (2.5)

A

16-25

26-35

36-45

68 (2.9)

54(2.3)

80(5.6}

46-55

~56

Total Percentage

21 (2.5)

15(2.4)

274

(3.1 )

B

549(23.8)

483(20.7)

317(22.0)

192 (23.5)

142(22.9)

1964

(22.1 )

C

280(20.1)

316(13.7)

407(17.4)

233(16.2)

12~:(15.0)

101 (16.3)

1460

(16.4)

0

171 (12.2)

353(15.3)

330(14.1 )

209(14.5)

13B(16.9)

64(15.1)

1295

(14.5)

E
~

281 (20.1)

10{0.7)

14(0.6)

14(0.6)

19(1.3)

13(1.5)

1 (0.6)

71

(0.8)

5(0.2)

3(0.1)

6(0.4)

5(0.6)

1 (0.2)

20

(0 2)

F

0

~

CJl

G

322(23.0)

444(19.3)

460(19.7)

270(18.8)

160(19.6)

144(23.2)

1800

(20.2)

H

132(9.4)

239(10.0)

312(13.3)

150(10.4)

90(11.0)

52(8.4)

975

(11.0)

18(1.2}

36(1.5)

20(0.8)

6(0.3)

1 (O.4)

J
K

149(10.6)

Total
complaints

1399

Total
cases
studied
No. of
complaints
per person

26S{11.6)

249(10.6)

14(0.9)

5(0.6)

10p.6}

137(9.5)

(1.2)

9

2 (0.2)

103

(0.1 )

66(S.0)

59(9.5)

928

815

619

8899
1097

2298

2333

1435

182

284

282

174

93

82

7.6

8.1

8.3

8.2

8.8

7.6

Figures in parenthesis are the percentages of total complaints

(10.4)

