Appendix-II contd,
--1-----------2--------------------3---------------4-~------

------------------------------------------------------------2.5
.Ols
.36925
-.03
2.6

.35719

.04

-.03

2.7

.34582

.04

-.03

2.8

.33508

.04

-.03

2.9

.32492

.Olt

-.03

3.0

.31532

.03

-.0)

3.1

.30622

.03

-.03

3.2

.29761

. OJ

-.03

3.3

.28943

.03

-.03

3.4

.28167

.0)

-.03

3.5

.27429

.03

-.03

3.6

.26727

.03

-.03

3.7

.26058

.03

-.03

3.8

.25420

.03

-.03

3.9

.24812

.03

-.02

4.0

.24231

.03

-.02

4.1

.23676

.02-

-.02

